31
13_D2_consHap0_0.9839999999999999 0.0000000 0.0043388 0.0043228 0.0028780 0.0028780 0.0043205 0.0043211 0.0057671 0.0086644 0.0116123 0.0203530 0.0174152 0.0203533 0.0203494 0.0203494 0.0203564 0.0218263 0.0204224 0.0203569 0.0203570 0.0204312 0.0203570 0.0203582 0.0218259 0.0203554 0.0218303 0.0203607 0.0204379 0.0234025 0.0232986 0.0218349 
13_D2_consHap1_0.0065             0.0043388 0.0000000 0.0087038 0.0072434 0.0072434 0.0086990 0.0087002 0.0101601 0.0130835 0.0160749 0.0248799 0.0219150 0.0248803 0.0248754 0.0248754 0.0248842 0.0263670 0.0249650 0.0248847 0.0248849 0.0249756 0.0248849 0.0248865 0.0263666 0.0248830 0.0263719 0.0248895 0.0249840 0.0279769 0.0278523 0.0263775 
13_D2_consHap2_0.0094             0.0043228 0.0087038 0.0000000 0.0072169 0.0072169 0.0086671 0.0086683 0.0101229 0.0130357 0.0160163 0.0247901 0.0218357 0.0247905 0.0247857 0.0247857 0.0247943 0.0262720 0.0248746 0.0247949 0.0247951 0.0248851 0.0247951 0.0247966 0.0262715 0.0247931 0.0262768 0.0247997 0.0248935 0.0278758 0.0277521 0.0262824 
42_D2_consHap0_0.8973             0.0028780 0.0072434 0.0072169 0.0000000 0.0000010 0.0013938 0.0013940 0.0027906 0.0055899 0.0084270 0.0212915 0.0184215 0.0212918 0.0212878 0.0212878 0.0212951 0.0227308 0.0213623 0.0212955 0.0212957 0.0213713 0.0212957 0.0212969 0.0227304 0.0212940 0.0227349 0.0212994 0.0213782 0.0242741 0.0241689 0.0227395 
42_D2_consHap5_0.0143             0.0028780 0.0072434 0.0072169 0.0000010 0.0000000 0.0013938 0.0013940 0.0027906 0.0055899 0.0084270 0.0212915 0.0184215 0.0212918 0.0212878 0.0212878 0.0212951 0.0227308 0.0213623 0.0212955 0.0212957 0.0213713 0.0212957 0.0212969 0.0227304 0.0212940 0.0227349 0.0212994 0.0213782 0.0242741 0.0241689 0.0227395 
42_D2_consHap1_0.0208             0.0043205 0.0086990 0.0086671 0.0013938 0.0013938 0.0000000 0.0027902 0.0041892 0.0069928 0.0098390 0.0227286 0.0198540 0.0227289 0.0227247 0.0227247 0.0227324 0.0241703 0.0228041 0.0227329 0.0227330 0.0228136 0.0227330 0.0227344 0.0241698 0.0227313 0.0241746 0.0227371 0.0228211 0.0257218 0.0227304 0.0241795 
42_D2_consHap3_0.0215             0.0043211 0.0087002 0.0086683 0.0013940 0.0013940 0.0027902 0.0000000 0.0041897 0.0069937 0.0098403 0.0227317 0.0198567 0.0227320 0.0227277 0.0227277 0.0227355 0.0241736 0.0228073 0.0227360 0.0227361 0.0228168 0.0227361 0.0227375 0.0241731 0.0227344 0.0241779 0.0227402 0.0228242 0.0257254 0.0256140 0.0241829 
42_D2_consHap4_0.015              0.0057671 0.0101601 0.0101229 0.0027906 0.0027906 0.0041892 0.0041897 0.0000000 0.0084003 0.0112565 0.0241757 0.0212955 0.0241761 0.0241715 0.0241715 0.0241797 0.0256202 0.0242561 0.0184221 0.0241805 0.0242661 0.0241805 0.0241819 0.0256198 0.0241786 0.0256248 0.0241848 0.0242741 0.0271807 0.0270630 0.0256301 
42_D2_consHap2_0.0137             0.0086644 0.0130835 0.0130357 0.0055899 0.0055899 0.0069928 0.0069937 0.0084003 0.0000000 0.0140935 0.0270620 0.0241726 0.0270624 0.0270573 0.0270573 0.0270665 0.0285111 0.0271519 0.0270672 0.0270674 0.0271631 0.0241647 0.0270690 0.0285107 0.0270653 0.0285163 0.0270723 0.0271720 0.0300883 0.0299579 0.0285223 
42_D2_consHap6_0.0176             0.0116123 0.0160749 0.0160163 0.0084270 0.0084270 0.0098390 0.0098403 0.0112565 0.0140935 0.0000000 0.0300614 0.0271529 0.0300618 0.0300561 0.0300561 0.0300664 0.0315212 0.0301616 0.0300672 0.0300674 0.0301739 0.0300674 0.0300693 0.0315207 0.0300651 0.0315270 0.0300730 0.0301839 0.0331215 0.0329778 0.0315337 
38_D2_consHap0_0.0056             0.0203530 0.0248799 0.0247901 0.0212915 0.0212915 0.0227286 0.0227317 0.0241757 0.0270620 0.0300614 0.0000000 0.0028093 0.0056282 0.0056272 0.0056272 0.0056290 0.0070412 0.0056469 0.0056291 0.0056291 0.0056494 0.0056291 0.0056295 0.0070411 0.0056287 0.0070424 0.0056301 0.0056512 0.0084925 0.0084555 0.0070438 
38_D2_consHap3_0.7421             0.0174152 0.0219150 0.0218357 0.0184215 0.0184215 0.0198540 0.0198567 0.0212955 0.0241726 0.0271529 0.0028093 0.0000000 0.0028094 0.0028089 0.0028089 0.0028098 0.0042177 0.0028187 0.0028098 0.0028098 0.0028200 0.0028098 0.0028100 0.0042176 0.0028096 0.0042184 0.0028103 0.0028208 0.0056522 0.0056276 0.0042192 
38_D2_consHap2_0.0079             0.0203533 0.0248803 0.0247905 0.0212918 0.0212918 0.0227289 0.0227320 0.0241761 0.0270624 0.0300618 0.0056282 0.0028094 0.0000000 0.0056272 0.0056272 0.0056291 0.0070414 0.0056470 0.0056292 0.0056292 0.0056495 0.0056292 0.0056295 0.0070412 0.0056288 0.0070425 0.0056301 0.0056513 0.0084926 0.0084556 0.0070439 
38_D2_consHap6_0.0099             0.0203494 0.0248754 0.0247857 0.0212878 0.0212878 0.0227247 0.0227277 0.0241715 0.0270573 0.0300561 0.0056272 0.0028089 0.0056272 0.0000000 0.0056262 0.0056281 0.0070401 0.0056460 0.0056282 0.0056282 0.0056485 0.0056282 0.0056285 0.0070399 0.0056278 0.0070412 0.0056291 0.0056502 0.0084910 0.0084540 0.0070426 
38_D2_consHap13_0.0113            0.0203494 0.0248754 0.0247857 0.0212878 0.0212878 0.0227247 0.0227277 0.0241715 0.0270573 0.0300561 0.0056272 0.0028089 0.0056272 0.0056262 0.0000000 0.0056281 0.0070401 0.0056460 0.0056282 0.0056282 0.0056485 0.0056282 0.0056285 0.0070399 0.0056278 0.0070412 0.0056291 0.0056502 0.0084910 0.0084540 0.0070426 
38_D2_consHap17_0.0069            0.0203564 0.0248842 0.0247943 0.0212951 0.0212951 0.0227324 0.0227355 0.0241797 0.0270665 0.0300664 0.0056290 0.0028098 0.0056291 0.0056281 0.0056281 0.0000000 0.0070424 0.0056478 0.0056300 0.0056300 0.0056503 0.0056300 0.0056304 0.0070422 0.0056296 0.0070436 0.0056310 0.0056521 0.0084938 0.0084569 0.0070449 
38_D2_consHap31_0.0263            0.0218263 0.0263670 0.0262720 0.0227308 0.0227308 0.0241703 0.0241736 0.0256202 0.0285111 0.0315212 0.0070412 0.0042177 0.0070414 0.0070401 0.0070401 0.0070424 0.0000000 0.0070648 0.0070425 0.0070425 0.0070679 0.0070425 0.0070429 0.0084566 0.0070420 0.0084582 0.0070437 0.0070701 0.0099164 0.0098732 0.0084599 
38_D2_consHap7_0.005              0.0204224 0.0249650 0.0248746 0.0213623 0.0213623 0.0228041 0.0228073 0.0242561 0.0271519 0.0301616 0.0056469 0.0028187 0.0056470 0.0056460 0.0056460 0.0056478 0.0070648 0.0000000 0.0056479 0.0056480 0.0056684 0.0056480 0.0056483 0.0070646 0.0056475 0.0070660 0.0056489 0.0056701 0.0085210 0.0084837 0.0070673 
38_D2_consHap9_0.0086             0.0203569 0.0248847 0.0247949 0.0212955 0.0212955 0.0227329 0.0227360 0.0184221 0.0270672 0.0300672 0.0056291 0.0028098 0.0056292 0.0056282 0.0056282 0.0056300 0.0070425 0.0056479 0.0000000 0.0056301 0.0056504 0.0056301 0.0056304 0.0070423 0.0056297 0.0070437 0.0056310 0.0056522 0.0084940 0.0084570 0.0070450 
38_D2_consHap15_0.0058            0.0203570 0.0248849 0.0247951 0.0212957 0.0212957 0.0227330 0.0227361 0.0241805 0.0270674 0.0300674 0.0056291 0.0028098 0.0056292 0.0056282 0.0056282 0.0056300 0.0070425 0.0056480 0.0056301 0.0000000 0.0056505 0.0056302 0.0056305 0.0070424 0.0056297 0.0070437 0.0056311 0.0056522 0.0084940 0.0084570 0.0070451 
38_D2_consHap16_0.0104            0.0204312 0.0249756 0.0248851 0.0213713 0.0213713 0.0228136 0.0228168 0.0242661 0.0271631 0.0301739 0.0056494 0.0028200 0.0056495 0.0056485 0.0056485 0.0056503 0.0070679 0.0056684 0.0056504 0.0056505 0.0000000 0.0056505 0.0056508 0.0070677 0.0056500 0.0070691 0.0056514 0.0056727 0.0085247 0.0084875 0.0070704 
38_D2_consHap26_0.0128            0.0203570 0.0248849 0.0247951 0.0212957 0.0212957 0.0227330 0.0227361 0.0241805 0.0241647 0.0300674 0.0056291 0.0028098 0.0056292 0.0056282 0.0056282 0.0056300 0.0070425 0.0056480 0.0056301 0.0056302 0.0056505 0.0000000 0.0056305 0.0070424 0.0056297 0.0070437 0.0056311 0.0056522 0.0084940 0.0084570 0.0070451 
38_D2_consHap29_0.0234            0.0203582 0.0248865 0.0247966 0.0212969 0.0212969 0.0227344 0.0227375 0.0241819 0.0270690 0.0300693 0.0056295 0.0028100 0.0056295 0.0056285 0.0056285 0.0056304 0.0070429 0.0056483 0.0056304 0.0056305 0.0056508 0.0056305 0.0000000 0.0070428 0.0056301 0.0070441 0.0056314 0.0056525 0.0084945 0.0084575 0.0070455 
38_D2_consHap4_0.0111             0.0218259 0.0263666 0.0262715 0.0227304 0.0227304 0.0241698 0.0241731 0.0256198 0.0285107 0.0315207 0.0070411 0.0042176 0.0070412 0.0070399 0.0070399 0.0070422 0.0084566 0.0070646 0.0070423 0.0070424 0.0070677 0.0070424 0.0070428 0.0000000 0.0014033 0.0084580 0.0070435 0.0070699 0.0099162 0.0098730 0.0084597 
38_D2_consHap14_0.0063            0.0203554 0.0248830 0.0247931 0.0212940 0.0212940 0.0227313 0.0227344 0.0241786 0.0270653 0.0300651 0.0056287 0.0028096 0.0056288 0.0056278 0.0056278 0.0056296 0.0070420 0.0056475 0.0056297 0.0056297 0.0056500 0.0056297 0.0056301 0.0014033 0.0000000 0.0070432 0.0056307 0.0056518 0.0084934 0.0084564 0.0070445 
38_D2_consHap21_0.0135            0.0218303 0.0263719 0.0262768 0.0227349 0.0227349 0.0241746 0.0241779 0.0256248 0.0285163 0.0315270 0.0070424 0.0042184 0.0070425 0.0070412 0.0070412 0.0070436 0.0084582 0.0070660 0.0070437 0.0070437 0.0070691 0.0070437 0.0070441 0.0084580 0.0070432 0.0000000 0.0070449 0.0070713 0.0099181 0.0098749 0.0084613 
38_D2_consHap25_0.0246            0.0203607 0.0248895 0.0247997 0.0212994 0.0212994 0.0227371 0.0227402 0.0241848 0.0270723 0.0300730 0.0056301 0.0028103 0.0056301 0.0056291 0.0056291 0.0056310 0.0070437 0.0056489 0.0056310 0.0056311 0.0056514 0.0056311 0.0056314 0.0070435 0.0056307 0.0070449 0.0000000 0.0056531 0.0084954 0.0084584 0.0070462 
38_D2_consHap5_0.0078             0.0204379 0.0249840 0.0248935 0.0213782 0.0213782 0.0228211 0.0228242 0.0242741 0.0271720 0.0301839 0.0056512 0.0028208 0.0056513 0.0056502 0.0056502 0.0056521 0.0070701 0.0056701 0.0056522 0.0056522 0.0056727 0.0056522 0.0056525 0.0070699 0.0056518 0.0070713 0.0056531 0.0000000 0.0028097 0.0084901 0.0070726 
38_D2_consHap30_0.0077            0.0234025 0.0279769 0.0278758 0.0242741 0.0242741 0.0257218 0.0257254 0.0271807 0.0300883 0.0331215 0.0084925 0.0056522 0.0084926 0.0084910 0.0084910 0.0084938 0.0099164 0.0085210 0.0084940 0.0084940 0.0085247 0.0084940 0.0084945 0.0099162 0.0084934 0.0099181 0.0084954 0.0028097 0.0000000 0.0113410 0.0099200 
38_D2_consHap33_0.0087            0.0232986 0.0278523 0.0277521 0.0241689 0.0241689 0.0227304 0.0256140 0.0270630 0.0299579 0.0329778 0.0084555 0.0056276 0.0084556 0.0084540 0.0084540 0.0084569 0.0098732 0.0084837 0.0084570 0.0084570 0.0084875 0.0084570 0.0084575 0.0098730 0.0084564 0.0098749 0.0084584 0.0084901 0.0113410 0.0000000 0.0098768 
38_D2_consHap19_0.0053            0.0218349 0.0263775 0.0262824 0.0227395 0.0227395 0.0241795 0.0241829 0.0256301 0.0285223 0.0315337 0.0070438 0.0042192 0.0070439 0.0070426 0.0070426 0.0070449 0.0084599 0.0070673 0.0070450 0.0070451 0.0070704 0.0070451 0.0070455 0.0084597 0.0070445 0.0084613 0.0070462 0.0070726 0.0099200 0.0098768 0.0000000 
