31
13_D2_consHap0_0.9839999999999999 0.0000000 0.0043388 0.0043228 0.0028781 0.0028781 0.0043205 0.0043211 0.0057671 0.0086644 0.0116124 0.0203531 0.0174153 0.0203534 0.0203495 0.0203495 0.0203565 0.0218265 0.0204225 0.0203570 0.0203571 0.0204313 0.0203571 0.0203583 0.0218260 0.0203555 0.0218304 0.0203608 0.0204380 0.0234026 0.0232988 0.0218350 
13_D2_consHap1_0.0065             0.0043388 0.0000000 0.0087038 0.0072435 0.0072435 0.0086990 0.0087002 0.0101601 0.0130835 0.0160750 0.0248800 0.0219151 0.0248804 0.0248756 0.0248756 0.0248843 0.0263672 0.0249651 0.0248849 0.0248851 0.0249757 0.0248851 0.0248866 0.0263667 0.0248831 0.0263720 0.0248897 0.0249841 0.0279771 0.0278525 0.0263777 
13_D2_consHap2_0.0094             0.0043228 0.0087038 0.0000000 0.0072169 0.0072169 0.0086672 0.0086684 0.0101229 0.0130357 0.0160164 0.0247902 0.0218358 0.0247906 0.0247858 0.0247858 0.0247945 0.0262721 0.0248747 0.0247950 0.0247952 0.0248852 0.0247952 0.0247967 0.0262716 0.0247933 0.0262769 0.0247998 0.0248936 0.0278759 0.0277522 0.0262825 
42_D2_consHap0_0.8973             0.0028781 0.0072435 0.0072169 0.0000000 0.0000010 0.0013938 0.0013940 0.0027907 0.0055900 0.0084270 0.0212916 0.0184216 0.0212920 0.0212879 0.0212879 0.0212952 0.0227310 0.0213624 0.0212956 0.0212958 0.0213714 0.0212958 0.0212970 0.0227305 0.0212941 0.0227350 0.0212995 0.0213783 0.0242742 0.0241690 0.0227396 
42_D2_consHap5_0.0143             0.0028781 0.0072435 0.0072169 0.0000010 0.0000000 0.0013938 0.0013940 0.0027907 0.0055900 0.0084270 0.0212916 0.0184216 0.0212920 0.0212879 0.0212879 0.0212952 0.0227310 0.0213624 0.0212956 0.0212958 0.0213714 0.0212958 0.0212970 0.0227305 0.0212941 0.0227350 0.0212995 0.0213783 0.0242742 0.0241690 0.0227396 
42_D2_consHap1_0.0208             0.0043205 0.0086990 0.0086672 0.0013938 0.0013938 0.0000000 0.0027902 0.0041892 0.0069928 0.0098390 0.0227287 0.0198541 0.0227291 0.0227248 0.0227248 0.0227325 0.0241704 0.0228043 0.0227330 0.0227331 0.0228138 0.0227331 0.0227345 0.0241700 0.0227314 0.0241747 0.0227372 0.0228212 0.0257220 0.0227305 0.0241797 
42_D2_consHap3_0.0215             0.0043211 0.0087002 0.0086684 0.0013940 0.0013940 0.0027902 0.0000000 0.0041898 0.0069937 0.0098403 0.0227318 0.0198568 0.0227321 0.0227279 0.0227279 0.0227356 0.0241737 0.0228074 0.0227361 0.0227362 0.0228169 0.0227362 0.0227376 0.0241733 0.0227345 0.0241780 0.0227403 0.0228243 0.0257255 0.0256141 0.0241830 
42_D2_consHap4_0.015              0.0057671 0.0101601 0.0101229 0.0027907 0.0027907 0.0041892 0.0041898 0.0000000 0.0084003 0.0112566 0.0241758 0.0212956 0.0241762 0.0241716 0.0241716 0.0241799 0.0256204 0.0242562 0.0184222 0.0241806 0.0242663 0.0241806 0.0241820 0.0256199 0.0241787 0.0256250 0.0241849 0.0242742 0.0271809 0.0270632 0.0256303 
42_D2_consHap2_0.0137             0.0086644 0.0130835 0.0130357 0.0055900 0.0055900 0.0069928 0.0069937 0.0084003 0.0000000 0.0140936 0.0270621 0.0241727 0.0270625 0.0270574 0.0270574 0.0270667 0.0285113 0.0271521 0.0270673 0.0270675 0.0271632 0.0241649 0.0270691 0.0285108 0.0270654 0.0285164 0.0270724 0.0271721 0.0300884 0.0299581 0.0285224 
42_D2_consHap6_0.0176             0.0116124 0.0160750 0.0160164 0.0084270 0.0084270 0.0098390 0.0098403 0.0112566 0.0140936 0.0000000 0.0300615 0.0271531 0.0300620 0.0300562 0.0300562 0.0300666 0.0315214 0.0301617 0.0300673 0.0300676 0.0301740 0.0300676 0.0300694 0.0315209 0.0300652 0.0315272 0.0300731 0.0301841 0.0331217 0.0329780 0.0315339 
38_D2_consHap0_0.0056             0.0203531 0.0248800 0.0247902 0.0212916 0.0212916 0.0227287 0.0227318 0.0241758 0.0270621 0.0300615 0.0000000 0.0028093 0.0056282 0.0056272 0.0056272 0.0056291 0.0070413 0.0056470 0.0056291 0.0056292 0.0056495 0.0056292 0.0056295 0.0070411 0.0056287 0.0070425 0.0056301 0.0056512 0.0084925 0.0084555 0.0070438 
38_D2_consHap3_0.7421             0.0174153 0.0219151 0.0218358 0.0184216 0.0184216 0.0198541 0.0198568 0.0212956 0.0241727 0.0271531 0.0028093 0.0000000 0.0028094 0.0028089 0.0028089 0.0028098 0.0042177 0.0028187 0.0028098 0.0028098 0.0028200 0.0028098 0.0028100 0.0042176 0.0028096 0.0042184 0.0028103 0.0028209 0.0056522 0.0056276 0.0042192 
38_D2_consHap2_0.0079             0.0203534 0.0248804 0.0247906 0.0212920 0.0212920 0.0227291 0.0227321 0.0241762 0.0270625 0.0300620 0.0056282 0.0028094 0.0000000 0.0056273 0.0056273 0.0056291 0.0070414 0.0056470 0.0056292 0.0056293 0.0056495 0.0056293 0.0056296 0.0070412 0.0056288 0.0070426 0.0056302 0.0056513 0.0084926 0.0084557 0.0070439 
38_D2_consHap6_0.0099             0.0203495 0.0248756 0.0247858 0.0212879 0.0212879 0.0227248 0.0227279 0.0241716 0.0270574 0.0300562 0.0056272 0.0028089 0.0056273 0.0000000 0.0056262 0.0056281 0.0070401 0.0056460 0.0056282 0.0056282 0.0056485 0.0056282 0.0056285 0.0070399 0.0056278 0.0070413 0.0056291 0.0056502 0.0084911 0.0084541 0.0070426 
38_D2_consHap13_0.0113            0.0203495 0.0248756 0.0247858 0.0212879 0.0212879 0.0227248 0.0227279 0.0241716 0.0270574 0.0300562 0.0056272 0.0028089 0.0056273 0.0056262 0.0000000 0.0056281 0.0070401 0.0056460 0.0056282 0.0056282 0.0056485 0.0056282 0.0056285 0.0070399 0.0056278 0.0070413 0.0056291 0.0056502 0.0084911 0.0084541 0.0070426 
38_D2_consHap17_0.0069            0.0203565 0.0248843 0.0247945 0.0212952 0.0212952 0.0227325 0.0227356 0.0241799 0.0270667 0.0300666 0.0056291 0.0028098 0.0056291 0.0056281 0.0056281 0.0000000 0.0070424 0.0056479 0.0056300 0.0056301 0.0056504 0.0056301 0.0056304 0.0070422 0.0056297 0.0070436 0.0056310 0.0056521 0.0084939 0.0084569 0.0070450 
38_D2_consHap31_0.0263            0.0218265 0.0263672 0.0262721 0.0227310 0.0227310 0.0241704 0.0241737 0.0256204 0.0285113 0.0315214 0.0070413 0.0042177 0.0070414 0.0070401 0.0070401 0.0070424 0.0000000 0.0070648 0.0070425 0.0070426 0.0070679 0.0070426 0.0070430 0.0084566 0.0070420 0.0084583 0.0070437 0.0070701 0.0099165 0.0098733 0.0084599 
38_D2_consHap7_0.005              0.0204225 0.0249651 0.0248747 0.0213624 0.0213624 0.0228043 0.0228074 0.0242562 0.0271521 0.0301617 0.0056470 0.0028187 0.0056470 0.0056460 0.0056460 0.0056479 0.0070648 0.0000000 0.0056480 0.0056480 0.0056684 0.0056480 0.0056483 0.0070646 0.0056476 0.0070660 0.0056489 0.0056702 0.0085210 0.0084838 0.0070674 
38_D2_consHap9_0.0086             0.0203570 0.0248849 0.0247950 0.0212956 0.0212956 0.0227330 0.0227361 0.0184222 0.0270673 0.0300673 0.0056291 0.0028098 0.0056292 0.0056282 0.0056282 0.0056300 0.0070425 0.0056480 0.0000000 0.0056302 0.0056505 0.0056302 0.0056305 0.0070424 0.0056297 0.0070437 0.0056311 0.0056522 0.0084940 0.0084570 0.0070451 
38_D2_consHap15_0.0058            0.0203571 0.0248851 0.0247952 0.0212958 0.0212958 0.0227331 0.0227362 0.0241806 0.0270675 0.0300676 0.0056292 0.0028098 0.0056293 0.0056282 0.0056282 0.0056301 0.0070426 0.0056480 0.0056302 0.0000000 0.0056505 0.0056302 0.0056305 0.0070424 0.0056298 0.0070438 0.0056311 0.0056522 0.0084941 0.0084571 0.0070451 
38_D2_consHap16_0.0104            0.0204313 0.0249757 0.0248852 0.0213714 0.0213714 0.0228138 0.0228169 0.0242663 0.0271632 0.0301740 0.0056495 0.0028200 0.0056495 0.0056485 0.0056485 0.0056504 0.0070679 0.0056684 0.0056505 0.0056505 0.0000000 0.0056505 0.0056508 0.0070678 0.0056501 0.0070691 0.0056514 0.0056727 0.0085248 0.0084875 0.0070705 
38_D2_consHap26_0.0128            0.0203571 0.0248851 0.0247952 0.0212958 0.0212958 0.0227331 0.0227362 0.0241806 0.0241649 0.0300676 0.0056292 0.0028098 0.0056293 0.0056282 0.0056282 0.0056301 0.0070426 0.0056480 0.0056302 0.0056302 0.0056505 0.0000000 0.0056305 0.0070424 0.0056298 0.0070438 0.0056311 0.0056522 0.0084941 0.0084571 0.0070451 
38_D2_consHap29_0.0234            0.0203583 0.0248866 0.0247967 0.0212970 0.0212970 0.0227345 0.0227376 0.0241820 0.0270691 0.0300694 0.0056295 0.0028100 0.0056296 0.0056285 0.0056285 0.0056304 0.0070430 0.0056483 0.0056305 0.0056305 0.0056508 0.0056305 0.0000000 0.0070428 0.0056301 0.0070442 0.0056314 0.0056526 0.0084946 0.0084576 0.0070455 
38_D2_consHap4_0.0111             0.0218260 0.0263667 0.0262716 0.0227305 0.0227305 0.0241700 0.0241733 0.0256199 0.0285108 0.0315209 0.0070411 0.0042176 0.0070412 0.0070399 0.0070399 0.0070422 0.0084566 0.0070646 0.0070424 0.0070424 0.0070678 0.0070424 0.0070428 0.0000000 0.0014033 0.0084581 0.0070436 0.0070699 0.0099162 0.0098731 0.0084597 
38_D2_consHap14_0.0063            0.0203555 0.0248831 0.0247933 0.0212941 0.0212941 0.0227314 0.0227345 0.0241787 0.0270654 0.0300652 0.0056287 0.0028096 0.0056288 0.0056278 0.0056278 0.0056297 0.0070420 0.0056476 0.0056297 0.0056298 0.0056501 0.0056298 0.0056301 0.0014033 0.0000000 0.0070432 0.0056307 0.0056518 0.0084934 0.0084564 0.0070446 
38_D2_consHap21_0.0135            0.0218304 0.0263720 0.0262769 0.0227350 0.0227350 0.0241747 0.0241780 0.0256250 0.0285164 0.0315272 0.0070425 0.0042184 0.0070426 0.0070413 0.0070413 0.0070436 0.0084583 0.0070660 0.0070437 0.0070438 0.0070691 0.0070438 0.0070442 0.0084581 0.0070432 0.0000000 0.0070449 0.0070713 0.0099182 0.0098750 0.0084613 
38_D2_consHap25_0.0246            0.0203608 0.0248897 0.0247998 0.0212995 0.0212995 0.0227372 0.0227403 0.0241849 0.0270724 0.0300731 0.0056301 0.0028103 0.0056302 0.0056291 0.0056291 0.0056310 0.0070437 0.0056489 0.0056311 0.0056311 0.0056514 0.0056311 0.0056314 0.0070436 0.0056307 0.0070449 0.0000000 0.0056532 0.0084955 0.0084585 0.0070463 
38_D2_consHap5_0.0078             0.0204380 0.0249841 0.0248936 0.0213783 0.0213783 0.0228212 0.0228243 0.0242742 0.0271721 0.0301841 0.0056512 0.0028209 0.0056513 0.0056502 0.0056502 0.0056521 0.0070701 0.0056702 0.0056522 0.0056522 0.0056727 0.0056522 0.0056526 0.0070699 0.0056518 0.0070713 0.0056532 0.0000000 0.0028097 0.0084901 0.0070727 
38_D2_consHap30_0.0077            0.0234026 0.0279771 0.0278759 0.0242742 0.0242742 0.0257220 0.0257255 0.0271809 0.0300884 0.0331217 0.0084925 0.0056522 0.0084926 0.0084911 0.0084911 0.0084939 0.0099165 0.0085210 0.0084940 0.0084941 0.0085248 0.0084941 0.0084946 0.0099162 0.0084934 0.0099182 0.0084955 0.0028097 0.0000000 0.0113410 0.0099201 
38_D2_consHap33_0.0087            0.0232988 0.0278525 0.0277522 0.0241690 0.0241690 0.0227305 0.0256141 0.0270632 0.0299581 0.0329780 0.0084555 0.0056276 0.0084557 0.0084541 0.0084541 0.0084569 0.0098733 0.0084838 0.0084570 0.0084571 0.0084875 0.0084571 0.0084576 0.0098731 0.0084564 0.0098750 0.0084585 0.0084901 0.0113410 0.0000000 0.0098769 
38_D2_consHap19_0.0053            0.0218350 0.0263777 0.0262825 0.0227396 0.0227396 0.0241797 0.0241830 0.0256303 0.0285224 0.0315339 0.0070438 0.0042192 0.0070439 0.0070426 0.0070426 0.0070450 0.0084599 0.0070674 0.0070451 0.0070451 0.0070705 0.0070451 0.0070455 0.0084597 0.0070446 0.0084613 0.0070463 0.0070727 0.0099201 0.0098769 0.0000000 
